from,to,distance
438,438,1.0
438,428,0.952363
438,537,0.710392
438,491,0.726913
438,502,0.573646
438,229,0.882024
438,394,0.824378
438,291,0.65963
438,474,0.549529
438,350,0.725849
438,301,0.90498
438,252,0.592728
438,293,0.904211
438,2003,0.785788
438,161,0.717062
438,251,0.719456
438,307,0.57766
438,285,0.783516
438,445,0.963687
438,504,0.884015
438,361,0.569688
438,403,0.899401
438,265,0.800187
438,497,0.721529
438,300,0.95882
438,487,0.667027
438,128,0.568998
438,368,0.530535
438,432,0.979822
438,236,0.992236
438,335,0.850683
438,410,0.904549
438,336,0.637329
438,461,0.788716
438,444,0.567066
438,312,0.863234
438,325,0.858567
438,511,0.85421
438,294,0.752998
438,341,0.522281
438,250,0.737524
438,302,0.687519
438,340,0.597401
438,266,0.710941
438,546,0.52431
438,174,0.546329
438,280,0.676979
438,402,0.624613
438,475,0.857955
438,433,0.921902
438,496,0.633282
438,483,0.902267
438,342,0.645241
438,237,0.975772
438,356,0.69027
438,151,0.586161
438,326,0.983121
438,311,0.747611
438,382,0.728754
438,507,0.596263
438,393,0.825769
438,545,0.631331
438,375,0.768797
438,540,0.63646
438,317,0.917244
438,303,0.568986
438,411,0.694802
438,400,0.765456
438,357,0.817766
438,503,0.766986
438,349,0.790146
438,401,0.780998
438,369,0.531618
438,439,0.946175
438,150,0.787931
438,473,0.746557
438,254,0.50279
438,531,0.64559
438,348,0.541695
438,339,0.731544
438,297,0.901718
428,438,0.952363
428,428,1.0
428,537,0.522504
428,491,0.565848
428,502,0.606852
428,229,0.87636
428,394,0.820058
428,268,0.588234
428,291,0.692402
428,350,0.843727
428,296,0.507272
428,301,0.926023
428,252,0.55958
428,293,0.880922
428,2003,0.602407
428,161,0.68469
428,251,0.882914
428,307,0.763183
428,285,0.75296
428,445,0.864695
428,504,0.720918
428,361,0.755757
428,403,0.982203
428,265,0.938845
428,497,0.689245
428,300,0.942287
428,128,0.584981
428,432,0.94738
428,236,0.96637
428,335,0.823343
428,410,0.925636
428,263,0.643366
428,295,0.650933
428,336,0.604118
428,461,0.605668
428,444,0.534111
428,312,0.973917
428,325,0.688085
428,331,0.603558
428,511,0.682642
428,294,0.721464
428,341,0.555109
428,250,0.896317
428,302,0.719837
428,340,0.776666
428,266,0.742746
428,280,0.644022
428,2004,0.59978
428,402,0.591383
428,475,0.816036
428,433,0.774046
428,496,0.600062
428,483,0.878798
428,342,0.678185
428,237,0.920429
428,356,0.722534
428,151,0.771025
428,326,0.883837
428,311,0.903591
428,382,0.69662
428,257,0.501567
428,393,0.852968
428,375,0.803002
428,2010,0.585927
428,317,0.936968
428,303,0.755099
428,411,0.726974
428,400,0.795552
428,357,0.788643
428,503,0.714312
428,349,0.8192
428,401,0.926526
428,412,0.667407
428,439,0.978333
428,150,0.817086
428,473,0.902838
428,531,0.823567
428,348,0.713136
428,339,0.685502
428,297,0.826614
537,438,0.710392
537,428,0.522504
537,537,1.0
537,482,0.6362
537,491,0.988003
537,442,0.633273
537,465,0.592026
537,474,0.903327
537,153,0.702111
537,301,0.551979
537,293,0.617782
537,2003,0.841963
537,498,0.769335
537,285,0.766685
537,445,0.657777
537,492,0.612948
537,435,0.793199
537,504,0.826286
537,497,0.862904
537,300,0.560969
537,223,0.558746
537,487,0.659672
537,116,0.536621
537,432,0.699629
537,236,0.680244
537,536,0.842866
537,518,0.562408
537,453,0.514423
537,284,0.506285
537,461,0.930775
537,444,0.914868
537,505,0.74051
537,325,0.962968
537,511,0.596501
537,318,0.532213
537,476,0.891809
537,379,0.626345
537,526,0.889286
537,527,0.757431
537,528,0.84963
537,486,0.828376
537,472,0.904533
537,493,0.579275
537,546,0.953262
537,533,0.645731
537,174,0.874372
537,267,0.701512
537,334,0.665705
537,168,0.809754
537,280,0.571201
537,362,0.679433
537,402,0.947982
537,475,0.88172
537,433,0.703449
537,496,0.801108
537,483,0.751027
537,519,0.573658
537,484,0.54479
537,517,0.633941
537,237,0.764873
537,167,0.616336
537,326,0.813531
537,345,0.61522
537,382,0.737153
537,507,0.949005
537,2012,0.892209
537,545,0.847554
537,540,0.992385
537,466,0.808692
537,470,0.52886
537,317,0.570807
537,501,0.61079
537,357,0.671722
537,503,0.950356
537,485,0.815744
537,446,0.647063
537,160,0.719525
537,439,0.510503
537,254,0.539306
537,297,0.8725
482,537,0.6362
482,482,1.0
482,491,0.679666
482,442,0.755676
482,358,0.703063
482,229,0.589031
482,474,0.558704
482,252,0.897499
482,293,0.582847
482,161,0.797757
482,347,0.541407
482,521,0.654972
482,285,0.732344
482,492,0.525737
482,435,0.90574
482,404,0.908773
482,489,0.719584
482,490,0.584364
482,497,0.793641
482,223,0.991854
482,116,0.96388
482,128,0.644156
482,368,0.784964
482,380,0.869605
482,335,0.65548
482,453,0.947673
482,284,0.977003
482,336,0.86496
482,212,0.794811
482,388,0.71143
482,444,0.739826
482,325,0.580403
482,294,0.763531
482,379,0.586543
482,459,0.646939
482,250,0.553018
482,463,0.899053
482,486,0.583411
482,458,0.571184
482,405,0.873146
482,346,0.849425
482,334,0.955995
482,168,0.955598
482,280,0.832999
482,462,0.753312
482,402,0.81786
482,475,0.646329
482,496,0.868062
482,483,0.585737
482,151,0.510921
482,345,0.955188
482,238,0.764356
482,434,0.890552
482,382,0.786903
482,383,0.956288
482,507,0.505514
482,509,0.874168
482,375,0.67883
482,540,0.561312
482,466,0.763204
482,525,0.52036
482,512,0.790072
482,470,0.960411
482,303,0.644144
482,357,0.694725
482,503,0.749491
482,369,0.893201
482,225,0.800673
482,446,0.853668
482,494,0.838229
482,247,0.854386
482,448,0.545726
482,254,0.951552
482,348,0.616707
482,297,0.586548
482,127,0.674249
491,438,0.726913
491,428,0.565848
491,537,0.988003
491,482,0.679666
491,491,1.0
491,442,0.725852
491,465,0.685786
491,474,0.957261
491,153,0.659006
491,477,0.518216
491,293,0.661441
491,2003,0.759405
491,498,0.850627
491,521,0.559583
491,285,0.80603
491,445,0.563736
491,492,0.706226
491,435,0.871107
491,504,0.741659
491,404,0.503488
491,490,0.551609
491,497,0.895087
491,300,0.604696
491,223,0.60246
491,487,0.565637
491,116,0.630541
491,432,0.606169
491,236,0.722887
491,536,0.805903
491,518,0.519113
491,335,0.500665
491,453,0.607964
491,284,0.549368
491,461,0.86705
491,444,0.965119
491,505,0.825262
491,325,0.939277
491,511,0.503243
491,476,0.859264
491,379,0.719188
491,526,0.899373
491,527,0.715856
491,463,0.515925
491,528,0.813182
491,486,0.900312
491,523,0.531719
491,472,0.873451
491,493,0.53576
491,546,0.929765
491,533,0.737766
491,174,0.797059
491,267,0.78997
491,334,0.756679
491,168,0.846448
491,280,0.614973
491,362,0.769538
491,402,0.970511
491,475,0.911881
491,433,0.610091
491,496,0.838397
491,483,0.791154
491,519,0.53021
491,484,0.501789
491,517,0.590152
491,237,0.804313
491,167,0.57256
491,326,0.739342
491,345,0.658898
491,434,0.503997
491,382,0.777901
491,507,0.891651
491,2012,0.81846
491,545,0.765803
491,540,0.980999
491,466,0.884124
491,470,0.622675
491,501,0.567034
491,357,0.714566
491,503,0.969984
491,485,0.776962
491,446,0.739034
491,160,0.676799
491,494,0.583704
491,439,0.55366
491,254,0.582859
491,297,0.903685
442,537,0.633273
442,482,0.755676
442,491,0.725852
442,442,1.0
442,229,0.522014
442,465,0.647099
442,474,0.880307
442,153,0.580133
442,477,0.723412
442,252,0.534239
442,293,0.515946
442,498,0.901278
442,521,0.96235
442,285,0.666569
442,529,0.716338
442,492,0.928404
442,435,0.954976
442,404,0.581555
442,479,0.633475
442,489,0.782758
442,490,0.958743
442,497,0.731217
442,223,0.681092
442,116,0.76368
442,478,0.548699
442,335,0.578654
442,453,0.915323
442,284,0.628217
442,212,0.633662
442,388,0.775089
442,444,0.867102
442,505,0.899715
442,325,0.513552
442,294,0.570802
442,476,0.606572
442,379,0.960353
442,526,0.839834
442,459,0.713362
442,463,0.672813
442,488,0.840313
442,495,0.6067
442,486,0.943123
442,458,0.638663
442,523,0.824006
442,472,0.748741
442,546,0.742817
442,533,0.743806
442,267,0.822843
442,334,0.904311
442,168,0.904871
442,280,0.693371
442,362,0.795907
442,462,0.814118
442,402,0.820508
442,475,0.578857
442,496,0.81307
442,483,0.51878
442,517,0.511877
442,515,0.706022
442,345,0.735899
442,434,0.737928
442,382,0.724006
442,383,0.577738
442,509,0.863006
442,540,0.645083
442,466,0.954783
442,525,0.587347
442,512,0.897098
442,470,0.859874
442,357,0.627824
442,503,0.68445
442,2021,0.570686
442,485,0.702287
442,225,0.540572
442,446,0.98285
442,160,0.598102
442,494,0.972274
442,448,0.713241
442,254,0.661715
442,508,0.5154
442,297,0.519576
224,224,1.0
224,360,0.903674
224,306,0.979495
224,534,0.636804
224,268,0.730759
224,296,0.8058
224,427,0.570271
224,307,0.553876
224,347,0.52546
224,361,0.561821
224,260,0.712445
224,128,0.56251
224,387,0.991727
224,426,0.71881
224,264,0.935493
224,363,0.685898
224,263,0.677143
224,295,0.669637
224,331,0.716047
224,417,0.93683
224,327,0.678627
224,316,0.985328
224,309,0.810216
224,2009,0.868999
224,340,0.534319
224,351,0.923729
224,195,0.911129
224,355,0.830444
224,329,0.72324
224,2004,0.719688
224,79,0.8742
224,147,0.850429
224,259,0.60292
224,151,0.545433
224,330,0.982958
224,319,0.944153
224,320,0.936722
224,415,0.826131
224,308,0.878616
224,257,0.810898
224,3002,0.832172
224,276,0.811695
224,328,0.614831
224,315,0.866256
224,2010,0.73296
224,152,0.921485
224,303,0.562521
224,377,0.806744
224,337,0.824775
224,249,0.818827
224,412,0.653174
224,304,0.678994
224,146,0.885386
224,248,0.759363
224,2008,0.604229
224,408,0.77131
224,386,0.925706
224,348,0.589935
224,82,0.946049
224,376,0.964811
360,224,0.903674
360,360,1.0
360,306,0.963449
360,534,0.882513
360,296,0.541737
360,427,0.830349
360,260,0.932664
360,387,0.845685
360,426,0.686258
360,264,0.995167
360,363,0.856796
360,417,0.916951
360,327,0.64547
360,316,0.962055
360,309,0.780545
360,2009,0.639306
360,351,0.963618
360,195,0.979666
360,355,0.570385
360,329,0.690776
360,79,0.706306
360,147,0.822889
360,259,0.856847
360,330,0.823463
360,319,0.925252
360,320,0.721061
360,415,0.98599
360,308,0.631493
360,257,0.547542
360,3002,0.803585
360,276,0.782092
360,328,0.581389
360,315,0.943265
360,152,0.899788
360,377,0.55274
360,337,0.974346
360,249,0.78956
360,217,0.518252
360,304,0.911753
360,146,0.860304
360,248,0.646869
360,2008,0.857873
360,408,0.553281
360,386,0.700937
360,82,0.755409
360,376,0.9835
454,454,1.0
454,153,0.562321
454,538,0.664199
454,440,0.871375
454,518,0.702025
454,455,0.903011
454,305,0.901697
454,318,0.731416
454,527,0.505177
454,281,0.582747
454,385,0.9787
454,493,0.525981
454,290,0.922973
454,522,0.875676
454,164,0.944677
454,359,0.85189
454,2017,0.851457
454,367,0.882283
454,519,0.690994
454,484,0.688249
454,517,0.631222
454,228,0.939475
454,520,0.643628
454,167,0.648789
454,516,0.966863
454,456,0.737083
454,137,0.709002
454,464,0.930134
454,501,0.654304
454,2022,0.820822
454,2023,0.854586
454,160,0.54447
454,441,0.985057
450,450,1.0
450,352,0.785291
450,513,0.92409
450,465,0.883573
450,474,0.563816
450,153,0.624405
450,477,0.894441
450,498,0.713827
450,521,0.542702
450,529,0.89951
450,469,0.931906
450,492,0.672016
450,499,0.750586
450,538,0.699953
450,479,0.949629
450,490,0.613194
450,468,0.869955
450,478,0.747745
450,422,0.884642
450,505,0.716048
450,318,0.53512
450,379,0.611013
450,526,0.584073
450,173,0.956117
450,281,0.630368
450,514,0.630396
450,488,0.789699
450,495,0.947734
450,486,0.614148
450,500,0.964857
450,523,0.80702
450,493,0.827318
450,423,0.964584
450,533,0.842136
450,267,0.793887
450,510,0.866638
450,457,0.814322
450,362,0.813623
450,519,0.520941
450,484,0.67603
450,517,0.561131
450,447,0.970421
450,72,0.808846
450,449,0.990373
450,520,0.720008
450,515,0.870981
450,456,0.625806
450,137,0.654965
450,480,0.914738
450,2021,0.976541
450,485,0.627094
450,530,0.781496
450,448,0.651936
450,508,0.842351
450,2006,0.670003
358,482,0.703063
358,358,1.0
358,229,0.540779
358,252,0.861975
358,293,0.534665
358,161,0.753593
358,347,0.964632
358,285,0.569267
358,404,0.861174
358,223,0.77637
358,116,0.694657
358,128,0.841717
358,368,0.906997
358,380,0.952849
358,335,0.607089
358,453,0.505977
358,284,0.823243
358,336,0.825851
358,212,0.818605
358,294,0.717676
358,459,0.694841
358,250,0.505302
358,463,0.783981
358,405,0.9089
358,346,0.964697
358,329,0.655974
358,334,0.522494
358,168,0.521671
358,280,0.764895
358,2004,0.81258
358,462,0.619414
358,496,0.531404
358,79,0.702669
358,483,0.537521
358,330,0.50247
358,345,0.723367
358,238,0.961387
358,320,0.608317
358,434,0.721313
358,382,0.600778
358,257,0.563483
358,383,0.86413
358,509,0.579193
358,375,0.630674
358,276,0.542028
358,328,0.797594
358,2010,0.639833
358,470,0.583223
358,303,0.608438
358,377,0.780911
358,357,0.646821
358,249,0.637496
358,369,0.906269
358,225,0.841827
358,247,0.96199
358,146,0.545995
358,248,0.789324
358,254,0.794024
358,348,0.725976
358,127,0.995774
502,438,0.573646
502,428,0.606852
502,502,1.0
502,394,0.688363
502,291,0.964084
502,350,0.916918
502,296,0.648464
502,301,0.831543
502,307,0.878978
502,445,0.736399
502,504,0.558215
502,361,0.765271
502,265,0.561959
502,432,0.695407
502,410,0.83208
502,263,0.565654
502,295,0.786895
502,312,0.654861
502,331,0.743126
502,511,0.54118
502,341,0.877687
502,2009,0.550842
502,302,0.839622
502,340,0.896151
502,2000,0.508615
502,266,0.673938
502,433,0.636804
502,460,0.612257
502,342,0.967418
502,356,0.981499
502,326,0.560649
502,311,0.849475
502,308,0.558618
502,393,0.835482
502,278,0.500012
502,430,0.571027
502,317,0.815529
502,411,0.754663
502,400,0.949133
502,349,0.934557
502,401,0.689892
502,414,0.579771
502,412,0.694612
502,150,0.915039
502,332,0.974163
502,473,0.58845
502,408,0.636855
502,279,0.65081
502,2001,0.645755
502,531,0.639344
502,389,0.503587
502,339,0.544058
502,144,0.623922
502,418,0.738435
502,2005,0.52514
229,438,0.882024
229,428,0.87636
229,482,0.589031
229,442,0.522014
229,358,0.540779
229,229,1.0
229,394,0.557833
229,268,0.701807
229,350,0.548036
229,296,0.620813
229,301,0.663476
229,252,0.853055
229,293,0.941705
229,161,0.93839
229,251,0.952962
229,307,0.603311
229,347,0.676184
229,285,0.835723
229,445,0.765561
229,435,0.687866
229,504,0.607973
229,361,0.736696
229,403,0.948787
229,265,0.907889
229,497,0.734838
229,300,0.968555
229,223,0.621623
229,128,0.85445
229,368,0.800574
229,432,0.80382
229,236,0.903626
229,380,0.65057
229,335,0.993996
229,410,0.662836
229,263,0.754523
229,295,0.703662
229,336,0.886785
229,444,0.514234
229,312,0.838718
229,325,0.574219
229,331,0.584951
229,511,0.568696
229,294,0.957623
229,250,0.961758
229,2009,0.523481
229,355,0.59197
229,334,0.554214
229,168,0.743659
229,280,0.913902
229,2004,0.713017
229,402,0.599778
229,475,0.710796
229,433,0.664365
229,496,0.803188
229,483,0.849419
229,237,0.837342
229,151,0.867803
229,326,0.790558
229,345,0.768301
229,311,0.64165
229,382,0.861017
229,308,0.531184
229,257,0.614951
229,383,0.701371
229,393,0.559472
229,375,0.975205
229,466,0.538781
229,328,0.525153
229,2010,0.699558
229,317,0.68217
229,303,0.85444
229,377,0.609709
229,357,0.909348
229,503,0.60112
229,349,0.518988
229,401,0.808736
229,369,0.801542
229,446,0.535628
229,412,0.776847
229,439,0.954711
229,247,0.535286
229,150,0.516566
229,248,0.516039
229,473,0.889722
229,408,0.609164
229,254,0.775158
229,531,0.851321
229,348,0.832141
229,297,0.722803
229,127,0.596345
394,438,0.824378
394,428,0.820058
394,502,0.688363
394,229,0.557833
394,394,1.0
394,291,0.525313
394,350,0.5353
394,301,0.867593
394,293,0.56399
394,2003,0.794518
394,251,0.52874
394,445,0.940751
394,504,0.811124
394,403,0.738896
394,265,0.615537
394,300,0.660067
394,487,0.843975
394,432,0.915739
394,236,0.756906
394,536,0.54954
394,410,0.777212
394,461,0.675351
394,312,0.690993
394,325,0.566427
394,511,0.969651
394,341,0.874318
394,250,0.547407
394,302,0.963436
394,528,0.557868
394,266,0.979299
394,174,0.736491
394,475,0.501401
394,433,0.913239
394,483,0.561111
394,342,0.831835
394,237,0.700962
394,356,0.714322
394,326,0.813239
394,311,0.558004
394,507,0.642116
394,2012,0.67228
394,393,0.965588
394,545,0.788351
394,317,0.960054
394,411,0.973472
394,400,0.839113
394,349,0.768013
394,401,0.594059
394,439,0.740011
394,150,0.906608
394,332,0.683045
394,473,0.556891
394,339,0.971812
394,297,0.560303
306,224,0.979495
306,360,0.963449
306,306,1.0
306,534,0.741816
306,268,0.625183
306,296,0.70606
306,427,0.677363
306,260,0.811524
306,387,0.954237
306,426,0.59673
306,264,0.982483
306,363,0.780302
306,263,0.570049
306,295,0.56248
306,331,0.609859
306,417,0.852562
306,327,0.555632
306,316,0.988672
306,309,0.69542
306,2009,0.79734
306,351,0.975843
306,195,0.940226
306,355,0.733812
306,329,0.601337
306,2004,0.613637
306,79,0.770496
306,147,0.741851
306,259,0.709336
306,330,0.92714
306,319,0.863124
306,320,0.852408
306,415,0.907387
306,308,0.790375
306,257,0.711746
306,3002,0.720489
306,276,0.697089
306,315,0.937701
306,2010,0.62749
306,152,0.831265
306,377,0.691512
306,337,0.906324
306,249,0.705177
306,217,0.60765
306,412,0.545997
306,304,0.781198
306,146,0.784357
306,248,0.639522
306,2008,0.710604
306,408,0.717335
306,386,0.85
306,216,0.580901
306,82,0.892851
306,376,0.990788
534,224,0.636804
534,360,0.882513
534,306,0.741816
534,534,1.0
534,427,0.993989
534,260,0.992022
534,387,0.558748
534,426,0.658768
534,264,0.842797
534,363,0.83433
534,417,0.749378
534,327,0.617685
534,316,0.7388
534,309,0.754934
534,351,0.858825
534,195,0.874175
534,147,0.698218
534,259,0.994926
534,330,0.532148
534,319,0.70578
534,415,0.946385
534,3002,0.778739
534,276,0.59775
534,315,0.917802
534,152,0.647699
534,337,0.947215
534,249,0.503
534,217,0.530073
534,304,0.984718
534,146,0.593743
534,2008,0.913929
534,216,0.519303
534,376,0.792297
268,428,0.588234
268,224,0.730759
268,229,0.701807
268,306,0.625183
268,268,1.0
268,350,0.633164
268,296,0.903002
268,301,0.529849
268,252,0.698393
268,161,0.788355
268,251,0.86845
268,307,0.688117
268,347,0.591183
268,361,0.81424
268,403,0.677687
268,265,0.796319
268,300,0.549485
268,223,0.536608
268,128,0.802984
268,368,0.7217
268,380,0.565388
268,335,0.654304
268,410,0.636785
268,387,0.80261
268,426,0.674719
268,264,0.511913
268,263,0.954533
268,295,0.783949
268,336,0.777085
268,312,0.725993
268,331,0.670024
268,294,0.662119
268,417,0.617159
268,250,0.85378
268,316,0.628366
268,309,0.590584
268,2009,0.815298
268,340,0.555657
268,355,0.98349
268,329,0.784965
268,280,0.539314
268,2004,0.832643
268,79,0.919606
268,147,0.670287
268,151,0.953376
268,330,0.825727
268,319,0.662599
268,320,0.910362
268,311,0.725359
268,308,0.912729
268,257,0.984211
268,383,0.616868
268,375,0.826443
268,276,0.767426
268,328,0.680639
268,2010,0.95471
268,152,0.720283
268,303,0.961387
268,377,0.861412
268,400,0.565491
268,349,0.603715
268,401,0.81507
268,249,0.850167
268,369,0.722756
268,412,0.874057
268,439,0.600488
268,146,0.771108
268,248,0.818522
268,473,0.846143
268,408,0.70874
268,386,0.923442
268,254,0.571208
268,531,0.912978
268,348,0.904032
268,82,0.885509
268,376,0.570351
268,127,0.511776
291,438,0.65963
291,428,0.692402
291,502,0.964084
291,394,0.525313
291,291,1.0
291,350,0.963037
291,296,0.738411
291,301,0.834411
291,307,0.935256
291,445,0.579848
291,361,0.84054
291,403,0.578083
291,265,0.647969
291,432,0.70649
291,236,0.584051
291,407,0.52449
291,410,0.897819
291,263,0.651662
291,295,0.867679
291,312,0.738808
291,331,0.882453
291,261,0.512941
291,341,0.736974
291,2009,0.713543
291,302,0.689835
291,340,0.980625
291,2000,0.671571
291,266,0.510953
291,355,0.576671
291,460,0.526557
291,342,0.86995
291,237,0.5259
291,356,0.951771
291,326,0.605465
291,311,0.912024
291,308,0.721093
291,393,0.684894
291,278,0.657171
291,430,0.733025
291,317,0.697305
291,411,0.593927
291,400,0.863213
291,349,0.920091
291,401,0.771888
291,217,0.5217
291,414,0.741346
291,412,0.776293
291,439,0.566113
291,150,0.787145
291,332,0.933544
291,473,0.674306
291,408,0.793856
291,279,0.6628
291,386,0.522527
291,2001,0.559747
291,531,0.723939
291,144,0.538057
291,321,0.566431
291,418,0.740298
291,82,0.595303
352,450,0.785291
352,352,1.0
352,513,0.631453
352,465,0.582697
352,153,0.649655
352,477,0.505772
352,529,0.512943
352,469,0.948936
352,499,0.827316
352,538,0.937256
352,479,0.596353
352,440,0.667439
352,468,0.927965
352,518,0.520338
352,422,0.572206
352,305,0.764497
352,318,0.811319
352,173,0.841564
352,281,0.965393
352,495,0.623142
352,500,0.912562
352,385,0.618499
352,493,0.768976
352,423,0.774519
352,290,0.653489
352,522,0.797621
352,164,0.602402
352,510,0.940465
352,457,0.894319
352,359,0.824341
352,2017,0.527096
352,367,0.789636
352,519,0.774134
352,484,0.800203
352,517,0.71739
352,447,0.888717
352,228,0.706016
352,449,0.78236
352,520,0.969471
352,167,0.652142
352,456,0.920633
352,137,0.93778
352,464,0.721973
352,480,0.61641
352,2021,0.659065
352,485,0.527157
352,2023,0.82146
352,160,0.631729
352,508,0.517813
352,2006,0.980261
352,441,0.597891
513,450,0.92409
513,352,0.631453
513,513,1.0
513,465,0.670029
513,477,0.737461
513,529,0.744415
513,469,0.817352
513,499,0.903948
513,479,0.820208
513,468,0.848988
513,478,0.563793
513,422,0.985881
513,505,0.51995
513,173,0.78438
513,281,0.541615
513,488,0.609404
513,495,0.842518
513,500,0.802727
513,523,0.629005
513,493,0.59859
513,423,0.970664
513,533,0.616505
513,267,0.560046
513,510,0.64747
513,457,0.8885
513,362,0.582505
513,447,0.894107
513,72,0.933906
513,449,0.967201
513,515,0.70643
513,480,0.978504
513,2021,0.86851
513,530,0.954597
513,508,0.749613
513,2006,0.688871
465,537,0.592026
465,491,0.685786
465,442,0.647099
465,450,0.883573
465,352,0.582697
465,513,0.670029
465,465,1.0
465,474,0.834006
465,153,0.89418
465,477,0.962078
465,498,0.892438
465,521,0.748266
465,529,0.921907
465,469,0.771887
465,492,0.860787
465,499,0.545149
465,538,0.793947
465,479,0.8482
465,440,0.628838
465,489,0.510746
465,490,0.812213
465,468,0.683792
465,478,0.589799
465,422,0.610973
465,444,0.663849
465,505,0.894047
465,318,0.824776
465,476,0.565367
465,379,0.810325
465,526,0.864569
465,173,0.902908
465,488,0.882889
465,495,0.71142
465,486,0.813036
465,500,0.829455
465,523,0.952851
465,472,0.709329
465,493,0.951755
465,423,0.809105
465,546,0.70322
465,533,0.986702
465,267,0.95352
465,522,0.622454
465,164,0.563669
465,510,0.788739
465,457,0.61564
465,362,0.967432
465,359,0.790586
465,402,0.577804
465,367,0.532793
465,519,0.812471
465,484,0.927729
465,517,0.846441
465,447,0.840704
465,228,0.667948
465,72,0.516838
465,449,0.816553
465,520,0.680434
465,515,0.745536
465,167,0.613427
465,456,0.600339
465,540,0.603869
465,466,0.639025
465,525,0.628599
465,512,0.609534
465,480,0.655107
465,503,0.576466
465,2021,0.935926
465,485,0.89605
465,446,0.534674
465,160,0.67039
465,494,0.553618
465,448,0.75253
465,508,0.55611
474,438,0.549529
474,537,0.903327
474,482,0.558704
474,491,0.957261
474,442,0.880307
474,450,0.563816
474,465,0.834006
474,474,1.0
474,153,0.775517
474,477,0.696183
474,293,0.540423
474,2003,0.583807
474,498,0.963353
474,521,0.736567
474,285,0.692705
474,529,0.620934
474,492,0.865037
474,435,0.817912
474,504,0.564928
474,479,0.518099
474,490,0.728918
474,497,0.798409
474,116,0.567279
474,236,0.603006
474,536,0.66944
474,518,0.639915
474,453,0.754186
474,461,0.708777
474,444,0.955223
474,505,0.948805
474,325,0.80982
474,318,0.609465
474,476,0.884701
474,379,0.875179
474,526,0.966675
474,527,0.694004
474,173,0.573519
474,528,0.777604
474,488,0.562878
474,486,0.986848
474,523,0.709556
474,472,0.95009
474,493,0.656757
474,546,0.965198
474,533,0.889324
474,174,0.625264
474,267,0.926369
474,334,0.738285
474,168,0.73908
474,362,0.912374
474,462,0.51842
474,402,0.905781
474,475,0.820141
474,496,0.729663
474,483,0.67615
474,519,0.651162
474,484,0.622195
474,517,0.710487
474,237,0.683271
474,167,0.693329
474,326,0.562492
474,345,0.53789
474,434,0.540002
474,382,0.661603
474,507,0.740884
474,509,0.659647
474,2012,0.649796
474,545,0.590711
474,540,0.911143
474,466,0.942596
474,512,0.624132
474,470,0.678966
474,501,0.620547
474,357,0.594367
474,503,0.904888
474,2021,0.644748
474,485,0.877945
474,446,0.875128
474,160,0.791741
474,494,0.759309
474,297,0.809436
153,537,0.702111
153,491,0.659006
153,442,0.580133
153,454,0.562321
153,450,0.624405
153,352,0.649655
153,465,0.89418
153,474,0.775517
153,153,1.0
153,477,0.754256
153,2003,0.523639
153,498,0.841439
153,521,0.683664
153,529,0.681207
153,469,0.764548
153,492,0.805298
153,499,0.591533
153,504,0.503514
153,538,0.850648
153,479,0.578169
153,440,0.860453
153,490,0.751716
153,536,0.609009
153,468,0.72866
153,518,0.763823
153,455,0.689582
153,461,0.619258
153,444,0.596981
153,505,0.84331
153,325,0.536631
153,318,0.96099
153,476,0.837767
153,379,0.749672
153,526,0.902606
153,527,0.633962
153,173,0.798453
153,528,0.720738
153,488,0.623463
153,486,0.752609
153,500,0.779991
153,523,0.767004
153,472,0.925659
153,493,0.939003
153,423,0.531782
153,546,0.868218
153,533,0.928808
153,174,0.564671
153,267,0.915937
153,522,0.688969
153,164,0.762936
153,510,0.845967
153,457,0.677983
153,362,0.934575
153,359,0.849516
153,2017,0.770162
153,402,0.5115
153,367,0.599481
153,519,0.977525
153,484,0.966485
153,517,0.993552
153,447,0.670133
153,228,0.76899
153,449,0.540302
153,520,0.745177
153,167,0.875505
153,516,0.718336
153,456,0.667175
153,137,0.559602
153,507,0.682239
153,2012,0.589212
153,545,0.530435
153,540,0.773122
153,466,0.572049
153,512,0.542721
153,501,0.559976
153,503,0.510191
153,2021,0.704554
153,485,0.979642
153,2023,0.536102
153,160,0.91506
153,2006,0.529028
153,441,0.563372
477,491,0.518216
477,442,0.723412
477,450,0.894441
477,352,0.505772
477,513,0.737461
477,465,0.962078
477,474,0.696183
477,153,0.754256
477,477,1.0
477,498,0.846268
477,521,0.81831
477,529,0.992193
477,469,0.698041
477,492,0.915866
477,435,0.541123
477,538,0.721712
477,479,0.957205
477,489,0.587792
477,490,0.875053
477,497,0.519037
477,468,0.606408
477,478,0.755106
477,422,0.637389
477,388,0.512406
477,444,0.67887
477,505,0.870415
477,318,0.667709
477,379,0.873422
477,526,0.715913
477,173,0.845054
477,514,0.597208
477,488,0.975865
477,495,0.860976
477,486,0.789073
477,500,0.760575
477,523,0.983487
477,472,0.541967
477,493,0.906623
477,423,0.759981
477,546,0.535753
477,533,0.934974
477,267,0.899629
477,522,0.544846
477,510,0.716092
477,457,0.538105
477,362,0.914504
477,359,0.628597
477,402,0.621617
477,519,0.653416
477,484,0.801412
477,517,0.693545
477,447,0.773112
477,228,0.500568
477,72,0.684404
477,449,0.830257
477,520,0.602995
477,515,0.887617
477,456,0.523035
477,466,0.715612
477,525,0.760348
477,512,0.686862
477,480,0.813938
477,2021,0.968144
477,485,0.756767
477,530,0.653926
477,446,0.612164
477,160,0.502967
477,494,0.631293
477,448,0.892889
477,508,0.723094
350,438,0.725849
350,428,0.843727
350,502,0.916918
350,229,0.548036
350,394,0.5353
350,268,0.633164
350,291,0.963037
350,350,1.0
350,296,0.795196
350,301,0.842731
350,293,0.554177
350,251,0.663729
350,307,0.969928
350,445,0.589977
350,361,0.951607
350,403,0.742032
350,265,0.805816
350,300,0.650261
350,432,0.716307
350,236,0.747667
350,407,0.514548
350,410,0.920145
350,263,0.809049
350,295,0.908304
350,312,0.880886
350,331,0.874982
350,341,0.746561
350,250,0.584013
350,2009,0.703709
350,302,0.69975
350,340,0.97725
350,2000,0.661532
350,266,0.520878
350,355,0.740694
350,483,0.551305
350,342,0.877541
350,237,0.669795
350,356,0.956655
350,151,0.626731
350,330,0.509714
350,326,0.615607
350,311,0.988105
350,308,0.711308
350,257,0.525445
350,393,0.694834
350,430,0.691391
350,317,0.707178
350,411,0.604068
350,400,0.870956
350,349,0.926262
350,401,0.905671
350,217,0.511771
350,414,0.731714
350,412,0.908854
350,439,0.730626
350,150,0.796194
350,332,0.812034
350,473,0.828549
350,408,0.784777
350,386,0.642145
350,531,0.869269
350,321,0.556343
350,418,0.576254
350,82,0.585168
350,297,0.542954
296,428,0.507272
296,224,0.8058
296,360,0.541737
296,502,0.648464
296,229,0.620813
296,306,0.70606
296,268,0.903002
296,291,0.738411
296,350,0.795196
296,296,1.0
296,252,0.512529
296,161,0.63742
296,251,0.801079
296,307,0.911741
296,361,0.916842
296,403,0.596203
296,265,0.720431
296,128,0.537568
296,335,0.572616
296,407,0.524922
296,410,0.555108
296,387,0.869773
296,426,0.513123
296,264,0.592988
296,263,0.97481
296,295,0.970196
296,336,0.556533
296,312,0.645794
296,331,0.90646
296,294,0.58047
296,417,0.698244
296,250,0.784243
296,316,0.709152
296,309,0.611763
296,2009,0.982606
296,340,0.818791
296,351,0.572913
296,2000,0.525985
296,195,0.552938
296,355,0.96408
296,329,0.517631
296,2004,0.57202
296,79,0.690192
296,356,0.621871
296,147,0.659866
296,151,0.898629
296,330,0.869882
296,319,0.742089
296,320,0.780414
296,311,0.774554
296,308,0.989048
296,257,0.81993
296,375,0.753503
296,276,0.613472
296,2010,0.751328
296,152,0.75654
296,303,0.780304
296,377,0.607768
296,349,0.565104
296,401,0.740927
296,249,0.621771
296,217,0.691397
296,412,0.965292
296,439,0.519254
296,146,0.705067
296,248,0.555345
296,332,0.516418
296,473,0.775577
296,408,0.931034
296,386,0.937059
296,531,0.863393
296,348,0.666418
296,216,0.665028
296,82,0.93785
296,376,0.652046
427,224,0.570271
427,360,0.830349
427,306,0.677363
427,534,0.993989
427,427,1.0
427,260,0.972449
427,426,0.627861
427,264,0.785622
427,363,0.85104
427,417,0.685263
427,327,0.63822
427,316,0.67422
427,309,0.711193
427,351,0.803482
427,195,0.820821
427,147,0.632341
427,259,0.99096
427,319,0.640089
427,415,0.907022
427,3002,0.797178
427,276,0.531523
427,315,0.871724
427,152,0.581177
427,337,0.908083
427,304,0.983945
427,146,0.527577
427,2008,0.926637
427,376,0.730682
301,438,0.90498
301,428,0.926023
301,537,0.551979
301,502,0.831543
301,229,0.663476
301,394,0.867593
301,268,0.529849
301,291,0.834411
301,350,0.842731
301,301,1.0
301,293,0.669604
301,2003,0.661036
301,251,0.774718
301,307,0.707368
301,285,0.51895
301,445,0.906814
301,504,0.77606
301,361,0.699591
301,403,0.844413
301,265,0.897022
301,300,0.762245
301,487,0.536813
301,432,0.970445
301,236,0.849226
301,335,0.597086
301,410,0.984455
301,263,0.584641
301,295,0.592236
301,461,0.664269
301,312,0.947995
301,325,0.672023
301,331,0.544985
301,511,0.739488
301,341,0.786575
301,250,0.699033
301,302,0.916048
301,340,0.726423
301,266,0.856239
301,475,0.606287
301,433,0.825754
301,483,0.666741
301,342,0.887212
301,237,0.799842
301,356,0.917814
301,151,0.71561
301,326,0.896112
301,311,0.860956
301,393,0.964639
301,545,0.501648
301,375,0.57352
301,540,0.506647
301,2010,0.527576
301,317,0.96985
301,303,0.595737
301,411,0.915935
301,400,0.960398
301,357,0.557399
301,503,0.501262
301,349,0.97173
301,401,0.887923
301,412,0.608838
301,439,0.834582
301,150,0.970774
301,332,0.704949
301,473,0.860084
301,531,0.771676
301,339,0.742241
301,297,0.665937
252,438,0.592728
252,428,0.55958
252,482,0.897499
252,442,0.534239
252,358,0.861975
252,229,0.853055
252,268,0.698393
252,296,0.512529
252,252,1.0
252,293,0.848115
252,161,0.978769
252,251,0.751936
252,347,0.762421
252,285,0.838606
252,435,0.716705
252,504,0.608226
252,404,0.665495
252,403,0.674141
252,265,0.60446
252,497,0.738165
252,300,0.764552
252,223,0.918888
252,116,0.762554
252,128,0.851672
252,368,0.948666
252,236,0.668234
252,380,0.93608
252,335,0.902054
252,453,0.741412
252,284,0.814363
252,263,0.600748
252,336,0.990646
252,212,0.520493
252,444,0.517663
252,312,0.512121
252,325,0.577713
252,294,0.964334
252,250,0.823406
252,463,0.651091
252,405,0.617379
252,346,0.781036
252,355,0.58847
252,334,0.798297
252,168,0.797556
252,280,0.965765
252,2004,0.709626
252,402,0.603281
252,475,0.714184
252,496,0.806252
252,483,0.850432
252,237,0.725405
252,151,0.786069
252,326,0.605777
252,345,0.944928
252,238,0.711157
252,434,0.638917
252,382,0.863727
252,308,0.527023
252,257,0.611448
252,383,0.961964
252,509,0.616424
252,375,0.917436
252,466,0.542244
252,512,0.571568
252,328,0.521713
252,2010,0.696139
252,470,0.755235
252,303,0.851663
252,377,0.606206
252,357,0.911625
252,503,0.604623
252,369,0.994601
252,225,0.527004
252,446,0.646661
252,494,0.62757
252,439,0.685965
252,247,0.857642
252,248,0.512614
252,473,0.577916
252,254,0.977989
252,531,0.527404
252,348,0.829218
252,297,0.726162
252,127,0.87506
293,438,0.904211
293,428,0.880922
293,537,0.617782
293,482,0.582847
293,491,0.661441
293,442,0.515946
293,358,0.534665
293,229,0.941705
293,394,0.56399
293,474,0.540423
293,350,0.554177
293,301,0.669604
293,252,0.848115
293,293,1.0
293,2003,0.697492
293,161,0.883163
293,251,0.80587
293,307,0.609502
293,347,0.559694
293,285,0.968624
293,445,0.771254
293,435,0.681783
293,504,0.80903
293,361,0.663169
293,403,0.951883
293,265,0.876607
293,497,0.908377
293,300,0.987478
293,223,0.615435
293,487,0.573571
293,128,0.662483
293,368,0.795101
293,432,0.809219
293,236,0.948895
293,380,0.644407
293,335,0.964966
293,410,0.668966
293,263,0.547785
293,295,0.555327
293,336,0.882312
293,461,0.700673
293,444,0.722234
293,312,0.843767
293,325,0.779008
293,331,0.508586
293,511,0.71332
293,294,0.954701
293,379,0.509167
293,250,0.82214
293,486,0.565023
293,334,0.548072
293,168,0.737801
293,280,0.909904
293,2004,0.504905
293,402,0.801872
293,475,0.891321
293,433,0.812614
293,496,0.879345
293,483,0.975065
293,237,0.969411
293,151,0.679483
293,326,0.912773
293,345,0.762588
293,311,0.647816
293,382,0.941653
293,383,0.69533
293,507,0.503537
293,393,0.565632
293,545,0.537937
293,375,0.849729
293,540,0.543017
293,466,0.699037
293,317,0.688252
293,303,0.662471
293,357,0.982931
293,503,0.803049
293,349,0.525064
293,401,0.814091
293,369,0.796076
293,446,0.529525
293,412,0.571849
293,439,0.957633
293,247,0.529184
293,150,0.522635
293,473,0.830186
293,254,0.769491
293,531,0.737118
293,348,0.635127
293,297,0.899952
293,127,0.590156
2003,438,0.785788
2003,428,0.602407
2003,537,0.841963
2003,491,0.759405
2003,394,0.794518
2003,474,0.583807
2003,153,0.523639
2003,301,0.661036
2003,293,0.697492
2003,2003,1.0
2003,285,0.813898
2003,445,0.896448
2003,504,0.980626
2003,403,0.513328
2003,497,0.754177
2003,300,0.641277
2003,487,0.94837
2003,432,0.794661
2003,236,0.757534
2003,536,0.773153
2003,335,0.536535
2003,410,0.553954
2003,461,0.978648
2003,444,0.601443
2003,325,0.927508
2003,511,0.911699
2003,294,0.528774
2003,476,0.829648
2003,526,0.563551
2003,527,0.680135
2003,302,0.653496
2003,528,0.780789
2003,472,0.736741
2003,266,0.67728
2003,546,0.742698
2003,174,0.92118
2003,168,0.503283
2003,280,0.651508
2003,402,0.658916
2003,475,0.883918
2003,433,0.95852
2003,496,0.66752
2003,483,0.823033
2003,342,0.610862
2003,517,0.553661
2003,237,0.835483
2003,167,0.536215
2003,326,0.878122
2003,345,0.529157
2003,382,0.761192
2003,507,0.949305
2003,2012,0.876143
2003,393,0.795982
2003,545,0.965567
2003,540,0.832215
2003,317,0.802988
2003,501,0.530746
2003,411,0.660878
2003,400,0.6252
2003,357,0.749458
2003,503,0.79808
2003,349,0.543988
2003,485,0.520997
2003,160,0.640471
2003,439,0.590152
2003,150,0.714639
2003,254,0.536536
2003,339,0.698307
2003,297,0.923816
161,438,0.717062
161,428,0.68469
161,482,0.797757
161,358,0.753593
161,229,0.93839
161,268,0.788355
161,296,0.63742
161,252,0.978769
161,293,0.883163
161,161,1.0
161,251,0.860601
161,347,0.845731
161,285,0.754278
161,445,0.553545
161,435,0.622375
161,504,0.516493
161,404,0.54029
161,361,0.523109
161,403,0.793106
161,265,0.728329
161,497,0.64476
161,300,0.870994
161,223,0.825915
161,116,0.640769
161,128,0.919765
161,368,0.952983
161,432,0.595917
161,236,0.787763
161,380,0.849749
161,335,0.969985
161,453,0.618216
161,284,0.697973
161,263,0.724775
161,336,0.991117
161,312,0.637003
161,294,0.976424
161,250,0.917027
161,2009,0.524317
161,463,0.525982
161,346,0.66084
161,355,0.683662
161,334,0.709257
161,168,0.708444
161,280,0.914953
161,2004,0.798634
161,402,0.508486
161,475,0.619765
161,433,0.572452
161,496,0.718013
161,79,0.547358
161,483,0.769881
161,237,0.756111
161,151,0.888317
161,326,0.704202
161,345,0.885018
161,238,0.586621
161,320,0.532269
161,434,0.513997
161,382,0.783273
161,308,0.622928
161,257,0.706126
161,383,0.888756
161,375,0.978606
161,328,0.616802
161,2010,0.786283
161,470,0.632915
161,303,0.919757
161,377,0.701026
161,357,0.841321
161,503,0.509795
161,401,0.601551
161,369,0.953518
161,446,0.551239
161,412,0.596729
161,494,0.532309
161,439,0.803713
161,247,0.748381
161,248,0.60751
161,473,0.702693
161,386,0.552831
161,254,0.934304
161,531,0.652529
161,348,0.90194
161,297,0.632203
161,127,0.804195
251,438,0.719456
251,428,0.882914
251,229,0.952962
251,394,0.52874
251,268,0.86845
251,350,0.663729
251,296,0.801079
251,301,0.774718
251,252,0.751936
251,293,0.80587
251,161,0.860601
251,251,1.0
251,307,0.718002
251,347,0.560544
251,285,0.661258
251,445,0.583328
251,435,0.526681
251,361,0.840037
251,403,0.940258
251,265,0.969645
251,497,0.548832
251,300,0.853339
251,223,0.506471
251,128,0.775491
251,368,0.691883
251,432,0.709871
251,236,0.74881
251,380,0.53493
251,335,0.926789
251,410,0.774129
251,263,0.907682
251,295,0.81111
251,336,0.79275
251,312,0.922463
251,331,0.700197
251,294,0.888777
251,250,0.991361
251,2009,0.710171
251,302,0.526154
251,340,0.58627
251,266,0.514358
251,355,0.775222
251,329,0.563965
251,168,0.613319
251,280,0.827354
251,2004,0.806469
251,475,0.524114
251,496,0.623214
251,79,0.643278
251,483,0.677916
251,237,0.663206
251,356,0.528914
251,151,0.975637
251,330,0.516219
251,326,0.608951
251,345,0.656529
251,320,0.628046
251,311,0.75444
251,382,0.692365
251,308,0.717738
251,257,0.7959
251,383,0.586154
251,393,0.675121
251,375,0.943846
251,328,0.650224
251,2010,0.86669
251,317,0.700704
251,303,0.955048
251,377,0.791235
251,411,0.533475
251,400,0.60727
251,357,0.756891
251,349,0.634418
251,401,0.899497
251,249,0.545535
251,369,0.692959
251,412,0.896183
251,439,0.891683
251,150,0.63195
251,248,0.7028
251,473,0.958238
251,408,0.738216
251,386,0.648773
251,254,0.663954
251,531,0.93173
251,348,0.882562
251,82,0.591819
251,297,0.536375
307,438,0.57766
307,428,0.763183
307,224,0.553876
307,502,0.878978
307,229,0.603311
307,268,0.688117
307,291,0.935256
307,350,0.969928
307,296,0.911741
307,301,0.707368
307,293,0.609502
307,251,0.718002
307,307,1.0
307,361,0.975324
307,403,0.793012
307,265,0.852142
307,300,0.704873
307,432,0.567765
307,236,0.608494
307,335,0.537046
307,407,0.663569
307,410,0.806883
307,387,0.63191
307,232,0.549921
307,263,0.855082
307,295,0.981838
307,312,0.880153
307,331,0.964284
307,341,0.599446
307,250,0.639423
307,2009,0.839659
307,302,0.550798
307,340,0.976212
307,2000,0.771303
307,355,0.791751
307,483,0.535352
307,342,0.750153
307,237,0.520709
307,356,0.862074
307,151,0.681788
307,330,0.642325
307,320,0.535834
307,311,0.960225
307,308,0.846023
307,257,0.58044
307,393,0.545807
307,375,0.513857
307,430,0.636497
307,2010,0.504902
307,317,0.558379
307,152,0.510338
307,303,0.535714
307,400,0.741856
307,349,0.81558
307,401,0.939357
307,217,0.660752
307,414,0.721638
307,412,0.941973
307,439,0.77445
307,150,0.653581
307,332,0.762318
307,473,0.872681
307,408,0.904075
307,386,0.741456
307,531,0.908567
307,322,0.5198
307,321,0.692455
307,216,0.51714
307,418,0.521326
307,82,0.733034
347,482,0.541407
347,224,0.52546
347,358,0.964632
347,229,0.676184
347,268,0.591183
347,252,0.762421
347,293,0.559694
347,161,0.845731
347,251,0.560544
347,347,1.0
347,404,0.717351
347,300,0.574053
347,223,0.618735
347,116,0.532898
347,128,0.936287
347,368,0.918665
347,380,0.845595
347,335,0.720149
347,387,0.537865
347,426,0.607836
347,284,0.671735
347,336,0.835543
347,212,0.666341
347,294,0.727703
347,417,0.550139
347,459,0.559616
347,250,0.640322
347,309,0.523901
347,463,0.627127
347,405,0.803611
347,346,0.865974
347,329,0.809606
347,280,0.606224
347,2004,0.915546
347,79,0.827237
347,147,0.60335
347,151,0.597622
347,330,0.637419
347,345,0.562243
347,319,0.595584
347,238,0.880361
347,320,0.74181
347,434,0.560117
347,257,0.698638
347,383,0.721032
347,375,0.76274
347,276,0.703674
347,328,0.921566
347,2010,0.771197
347,152,0.654442
347,303,0.741925
347,377,0.89158
347,357,0.506297
347,249,0.793289
347,369,0.818707
347,225,0.719737
347,247,0.861163
347,146,0.707568
347,248,0.915769
347,386,0.536203
347,254,0.63832
347,348,0.847088
347,127,0.976111
498,537,0.769335
498,491,0.850627
498,442,0.901278
498,450,0.713827
498,465,0.892438
498,474,0.963353
498,153,0.841439
498,477,0.846268
498,498,1.0
498,521,0.87862
498,285,0.617227
498,529,0.781066
498,492,0.965439
498,435,0.749456
498,538,0.512415
498,479,0.682805
498,440,0.524608
498,489,0.647959
498,490,0.872646
498,497,0.728198
498,536,0.504866
498,518,0.662593
498,453,0.680984
498,388,0.639543
498,461,0.544287
498,444,0.912424
498,505,0.998703
498,325,0.653267
498,318,0.685094
498,476,0.744456
498,379,0.970878
498,526,0.971666
498,527,0.529313
